1m17 , Compound10
     | (kcal/mol) | rmsd l.b.| rmsd u.b.

-----+------------+----------+----------

   1         -8.0      0.000      0.000

   2         -7.9      3.289      3.920

   3         -7.8      4.149      5.398

   4         -7.5      0.995      2.393

   5         -7.5      5.053      7.180

   6         -7.4      4.082      6.923

   7         -7.4      3.642      6.758

   8         -7.2      3.400      6.093

   9         -7.1      4.123      7.158

  10         -7.1      4.017      6.412

1m17 , Compound11
     | (kcal/mol) | rmsd l.b.| rmsd u.b.

-----+------------+----------+----------

   1         -8.5      0.000      0.000

   2         -8.2      4.104      6.392

   3         -8.1      3.622      6.588

   4         -8.0      2.664      3.342

   5         -8.0      3.134      4.318

   6         -7.9      1.668      2.185

   7         -7.6      3.209      6.613

   8         -7.5      3.746      7.484

   9         -7.4      3.326      6.692

  10         -7.4      3.135      4.839

1m17 , Compound12
     | (kcal/mol) | rmsd l.b.| rmsd u.b.

-----+------------+----------+----------

   1         -8.3      0.000      0.000

   2         -7.6      3.094      6.264

   3         -7.5      4.110      6.282

   4         -7.4      2.433      6.018

   5         -7.4      3.376      6.349

   6         -7.3      3.289      6.116

   7         -7.3      3.620      7.026

   8         -7.2      8.071     10.290

   9         -7.1      4.037      6.834

  10         -7.1      4.886      6.919

1m17 , Compound14
     | (kcal/mol) | rmsd l.b.| rmsd u.b.

-----+------------+----------+----------

   1         -8.5      0.000      0.000

   2         -8.5      3.370      6.597

   3         -8.2      4.014      5.203

   4         -8.1      2.962      4.730

   5         -8.0      4.799      5.846

   6         -7.7      3.654      5.317

   7         -7.4      3.631      5.246

   8         -7.3      4.460      5.852

   9         -7.3      4.211      5.575

  10         -7.2      5.423      6.753

1m17 , Compound15
     | (kcal/mol) | rmsd l.b.| rmsd u.b.

-----+------------+----------+----------

   1         -8.0      0.000      0.000

   2         -8.0      1.985      2.839

   3         -7.9      1.972      3.514

   4         -7.9      1.845      2.677

   5         -7.6      4.863      6.805

   6         -7.6      2.272      6.581

   7         -7.4      2.339      6.814

   8         -7.4      2.291      3.074

   9         -7.4      4.868      6.607

  10         -7.2      4.254      7.615

1m17 , Compound17
     | (kcal/mol) | rmsd l.b.| rmsd u.b.

-----+------------+----------+----------

   1         -8.2      0.000      0.000

   2         -7.9      3.367      6.437

   3         -7.4      3.215      5.038

   4         -7.2      1.786      2.210

   5         -7.2      8.238      9.044

   6         -7.2      3.979      5.138

   7         -7.1      4.073      5.173

   8         -6.9      4.597      5.859

   9         -6.9      4.188      5.827

  10         -6.9      3.327      5.443

1m17 , Compound18
     | (kcal/mol) | rmsd l.b.| rmsd u.b.

-----+------------+----------+----------

   1         -8.0      0.000      0.000

   2         -7.7      4.143      4.842

   3         -7.3      4.588      5.730

   4         -7.2      3.977      5.104

   5         -7.2      8.807      9.636

   6         -7.1      5.493      6.121

   7         -7.1      2.128      3.558

   8         -7.0      3.065      4.726

   9         -7.0      4.503      6.020

  10         -6.9      3.215      5.205

1m17 , Compound1
     | (kcal/mol) | rmsd l.b.| rmsd u.b.

-----+------------+----------+----------

   1         -8.1      0.000      0.000

   2         -8.0      2.288      5.836

   3         -8.0      3.210      6.414

   4         -8.0      2.217      5.954

   5         -7.9      1.064      2.602

   6         -7.9      1.349      2.887

   7         -7.8      1.899      3.531

   8         -7.4      4.615      6.078

   9         -7.4      1.850      3.033

  10         -7.4      3.962      5.079

1m17 , Compound20
     | (kcal/mol) | rmsd l.b.| rmsd u.b.

-----+------------+----------+----------

   1         -8.4      0.000      0.000

   2         -8.4      3.808      6.612

   3         -7.9      1.648      1.833

   4         -7.6      3.302      7.396

   5         -7.5      6.678      8.827

   6         -7.4      6.184      8.266

   7         -7.4      3.800      7.370

   8         -7.3      2.753      7.726

   9         -7.2      3.433      4.745

  10         -7.1      6.475      8.954

1m17 , Compound22
     | (kcal/mol) | rmsd l.b.| rmsd u.b.

-----+------------+----------+----------

   1         -8.4      0.000      0.000

   2         -8.3      0.169      1.855

   3         -8.0      1.228      3.159

   4         -7.9      2.259      2.684

   5         -7.8      0.918      2.315

   6         -7.8      3.091      4.687

   7         -7.8      2.465      7.223

   8         -7.7      2.479      7.343

   9         -7.6      3.443      7.244

  10         -7.6      2.405      7.300

1m17 , Compound24
     | (kcal/mol) | rmsd l.b.| rmsd u.b.

-----+------------+----------+----------

   1         -8.7      0.000      0.000

   2         -8.6      3.972      6.484

   3         -8.5      4.132      6.589

   4         -8.4      3.068      3.674

   5         -8.3      3.126      4.337

   6         -8.1      4.014      6.580

   7         -8.1      3.291      6.168

   8         -8.0      0.986      2.850

   9         -8.0      3.170      3.817

  10         -7.9      3.231      6.845

1m17 , Compound28
     | (kcal/mol) | rmsd l.b.| rmsd u.b.

-----+------------+----------+----------

   1         -8.8      0.000      0.000

   2         -8.4      4.477      6.807

   3         -8.3      3.751      4.561

   4         -8.3      1.274      2.784

   5         -8.3      1.094      2.552

   6         -8.3      1.445      1.839

   7         -8.0      3.829      4.624

   8         -8.0      3.190      7.163

   9         -7.9      3.277      6.771

  10         -7.8      4.973      7.325

1m17 , Compound29
     | (kcal/mol) | rmsd l.b.| rmsd u.b.

-----+------------+----------+----------

   1         -9.1      0.000      0.000

   2         -9.0      4.141      6.678

   3         -9.0      0.129      2.050

   4         -8.7      4.531      7.149

   5         -8.6      2.386      3.174

   6         -8.5      2.291      3.805

   7         -8.5      1.386      3.209

   8         -8.4      4.424      7.117

   9         -8.3      4.225      7.289

  10         -8.3      3.548      6.679

1m17 , Compound2
     | (kcal/mol) | rmsd l.b.| rmsd u.b.

-----+------------+----------+----------

   1         -8.7      0.000      0.000

   2         -8.4      0.884      2.371

   3         -8.3      3.558      6.305

   4         -8.2      3.000      4.452

   5         -8.2      2.835      6.230

   6         -7.9      3.735      6.684

   7         -7.9      2.764      6.749

   8         -7.9      2.086      6.837

   9         -7.9      3.378      4.372

  10         -7.9      4.074      6.859

1m17 , Compound3
     | (kcal/mol) | rmsd l.b.| rmsd u.b.

-----+------------+----------+----------

   1         -8.4      0.000      0.000

   2         -8.1      3.158      5.176

   3         -7.8      1.076      2.360

   4         -7.5      3.977      6.763

   5         -7.4      3.761      6.267

   6         -7.4      4.048      8.213

   7         -7.4      4.589      7.049

   8         -7.3      2.245      7.178

   9         -7.3      2.635      6.973

  10         -7.2      2.917      7.180

1m17 , Compound4
     | (kcal/mol) | rmsd l.b.| rmsd u.b.

-----+------------+----------+----------

   1         -9.1      0.000      0.000

   2         -8.4      5.200      6.103

   3         -8.4      1.104      2.504

   4         -8.2      3.784      7.628

   5         -8.2      3.667      7.241

   6         -8.2      4.919      8.359

   7         -8.1      3.859      8.107

   8         -8.1      4.829      8.336

   9         -8.0      5.202      8.166

  10         -8.0      3.968      7.316

1m17 , Compound5
     | (kcal/mol) | rmsd l.b.| rmsd u.b.

-----+------------+----------+----------

   1         -8.4      0.000      0.000

   2         -8.2      5.422      6.761

   3         -7.8      4.091      7.053

   4         -7.8      1.537      1.961

   5         -7.8      4.312      6.729

   6         -7.7      3.435      6.008

   7         -7.6      5.521      7.568

   8         -7.5      5.219      6.327

   9         -7.5      4.397      7.165

  10         -7.5      5.287      6.846

1m17 , Compound6
     | (kcal/mol) | rmsd l.b.| rmsd u.b.

-----+------------+----------+----------

   1         -9.9      0.000      0.000

   2         -9.8      4.425      7.490

   3         -9.4      3.935      6.867

   4         -9.1      2.026      7.849

   5         -8.9      2.894      8.088

   6         -8.9      2.239      8.203

   7         -8.8      3.976      9.092

   8         -8.8      2.908      4.355

   9         -8.8      2.514      9.000

  10         -8.8      3.811      8.969

1m17 , Compound8
     | (kcal/mol) | rmsd l.b.| rmsd u.b.

-----+------------+----------+----------

   1         -8.6      0.000      0.000

   2         -8.3      4.016      6.318

   3         -8.1      3.412      4.239

   4         -7.8      3.328      6.638

   5         -7.5      2.760      6.749

   6         -7.5      1.690      2.213

   7         -7.5      3.568      4.767

   8         -7.4      3.968      7.466

   9         -7.4      3.135      6.659

  10         -7.2      3.370      6.614

1m17 , Compound9
     | (kcal/mol) | rmsd l.b.| rmsd u.b.

-----+------------+----------+----------

   1         -8.6      0.000      0.000

   2         -8.2      3.501      4.275

   3         -8.0      4.259      6.433

   4         -7.6      3.259      6.746

   5         -7.5      4.112      6.057

   6         -7.5      2.726      6.948

   7         -7.5      4.202      6.909

1m17 , Compound10
     | (kcal/mol) | rmsd l.b.| rmsd u.b.

-----+------------+----------+----------

   1         -8.0      0.000      0.000

   2         -7.9      3.289      3.920

   3         -7.8      4.149      5.398

   4         -7.5      0.995      2.393

   5         -7.5      5.053      7.180

   6         -7.4      4.082      6.923

   7         -7.4      3.642      6.758

   8         -7.2      3.400      6.093

   9         -7.1      4.123      7.158

  10         -7.1      4.017      6.412

1m17 , Compound11
     | (kcal/mol) | rmsd l.b.| rmsd u.b.

-----+------------+----------+----------

   1         -8.5      0.000      0.000

   2         -8.2      4.104      6.392

   3         -8.1      3.622      6.588

   4         -8.0      2.664      3.342

   5         -8.0      3.134      4.318

   6         -7.9      1.668      2.185

   7         -7.6      3.209      6.613

   8         -7.5      3.746      7.484

   9         -7.4      3.326      6.692

  10         -7.4      3.135      4.839

1m17 , Compound12
     | (kcal/mol) | rmsd l.b.| rmsd u.b.

-----+------------+----------+----------

   1         -8.3      0.000      0.000

   2         -7.6      3.094      6.264

   3         -7.5      4.110      6.282

   4         -7.4      2.433      6.018

   5         -7.4      3.376      6.349

   6         -7.3      3.289      6.116

   7         -7.3      3.620      7.026

   8         -7.2      8.071     10.290

   9         -7.1      4.037      6.834

  10         -7.1      4.886      6.919

1m17 , Compound14
     | (kcal/mol) | rmsd l.b.| rmsd u.b.

-----+------------+----------+----------

   1         -8.5      0.000      0.000

   2         -8.5      3.370      6.597

   3         -8.2      4.014      5.203

   4         -8.1      2.962      4.730

   5         -8.0      4.799      5.846

   6         -7.7      3.654      5.317

   7         -7.4      3.631      5.246

   8         -7.3      4.460      5.852

   9         -7.3      4.211      5.575

  10         -7.2      5.423      6.753

1m17 , Compound15
     | (kcal/mol) | rmsd l.b.| rmsd u.b.

-----+------------+----------+----------

   1         -8.0      0.000      0.000

   2         -8.0      1.985      2.839

   3         -7.9      1.972      3.514

   4         -7.9      1.845      2.677

   5         -7.6      4.863      6.805

   6         -7.6      2.272      6.581

   7         -7.4      2.339      6.814

   8         -7.4      2.291      3.074

   9         -7.4      4.868      6.607

  10         -7.2      4.254      7.615

1m17 , Compound17
     | (kcal/mol) | rmsd l.b.| rmsd u.b.

-----+------------+----------+----------

   1         -8.2      0.000      0.000

   2         -7.9      3.367      6.437

   3         -7.4      3.215      5.038

   4         -7.2      1.786      2.210

   5         -7.2      8.238      9.044

   6         -7.2      3.979      5.138

   7         -7.1      4.073      5.173

   8         -6.9      4.597      5.859

   9         -6.9      4.188      5.827

  10         -6.9      3.327      5.443

1m17 , Compound18
     | (kcal/mol) | rmsd l.b.| rmsd u.b.

-----+------------+----------+----------

   1         -8.0      0.000      0.000

   2         -7.7      4.143      4.842

   3         -7.3      4.588      5.730

   4         -7.2      3.977      5.104

   5         -7.2      8.807      9.636

   6         -7.1      5.493      6.121

   7         -7.1      2.128      3.558

   8         -7.0      3.065      4.726

   9         -7.0      4.503      6.020

  10         -6.9      3.215      5.205

1m17 , Compound1
     | (kcal/mol) | rmsd l.b.| rmsd u.b.

-----+------------+----------+----------

   1         -8.1      0.000      0.000

   2         -8.0      2.288      5.836

   3         -8.0      3.210      6.414

   4         -8.0      2.217      5.954

   5         -7.9      1.064      2.602

   6         -7.9      1.349      2.887

   7         -7.8      1.899      3.531

   8         -7.4      4.615      6.078

   9         -7.4      1.850      3.033

  10         -7.4      3.962      5.079

1m17 , Compound20
     | (kcal/mol) | rmsd l.b.| rmsd u.b.

-----+------------+----------+----------

   1         -8.4      0.000      0.000

   2         -8.4      3.808      6.612

   3         -7.9      1.648      1.833

   4         -7.6      3.302      7.396

   5         -7.5      6.678      8.827

   6         -7.4      6.184      8.266

   7         -7.4      3.800      7.370

   8         -7.3      2.753      7.726

   9         -7.2      3.433      4.745

  10         -7.1      6.475      8.954

1m17 , Compound22
     | (kcal/mol) | rmsd l.b.| rmsd u.b.

-----+------------+----------+----------

   1         -8.4      0.000      0.000

   2         -8.3      0.169      1.855

   3         -8.0      1.228      3.159

   4         -7.9      2.259      2.684

   5         -7.8      0.918      2.315

   6         -7.8      3.091      4.687

   7         -7.8      2.465      7.223

   8         -7.7      2.479      7.343

   9         -7.6      3.443      7.244

  10         -7.6      2.405      7.300

1m17 , Compound24
     | (kcal/mol) | rmsd l.b.| rmsd u.b.

-----+------------+----------+----------

   1         -8.7      0.000      0.000

   2         -8.6      3.972      6.484

   3         -8.5      4.132      6.589

   4         -8.4      3.068      3.674

   5         -8.3      3.126      4.337

   6         -8.1      4.014      6.580

   7         -8.1      3.291      6.168

   8         -8.0      0.986      2.850

   9         -8.0      3.170      3.817

  10         -7.9      3.231      6.845

1m17 , Compound28
     | (kcal/mol) | rmsd l.b.| rmsd u.b.

-----+------------+----------+----------

   1         -8.8      0.000      0.000

   2         -8.4      4.477      6.807

   3         -8.3      3.751      4.561

   4         -8.3      1.274      2.784

   5         -8.3      1.094      2.552

   6         -8.3      1.445      1.839

   7         -8.0      3.829      4.624

   8         -8.0      3.190      7.163

   9         -7.9      3.277      6.771

  10         -7.8      4.973      7.325

1m17 , Compound29
     | (kcal/mol) | rmsd l.b.| rmsd u.b.

-----+------------+----------+----------

   1         -9.1      0.000      0.000

   2         -9.0      4.141      6.678

   3         -9.0      0.129      2.050

   4         -8.7      4.531      7.149

   5         -8.6      2.386      3.174

   6         -8.5      2.291      3.805

   7         -8.5      1.386      3.209

   8         -8.4      4.424      7.117

   9         -8.3      4.225      7.289

  10         -8.3      3.548      6.679

1m17 , Compound2
     | (kcal/mol) | rmsd l.b.| rmsd u.b.

-----+------------+----------+----------

   1         -8.7      0.000      0.000

   2         -8.4      0.884      2.371

   3         -8.3      3.558      6.305

   4         -8.2      3.000      4.452

   5         -8.2      2.835      6.230

   6         -7.9      3.735      6.684

   7         -7.9      2.764      6.749

   8         -7.9      2.086      6.837

   9         -7.9      3.378      4.372

  10         -7.9      4.074      6.859

1m17 , Compound3
     | (kcal/mol) | rmsd l.b.| rmsd u.b.

-----+------------+----------+----------

   1         -8.4      0.000      0.000

   2         -8.1      3.158      5.176

   3         -7.8      1.076      2.360

   4         -7.5      3.977      6.763

   5         -7.4      3.761      6.267

   6         -7.4      4.048      8.213

   7         -7.4      4.589      7.049

   8         -7.3      2.245      7.178

   9         -7.3      2.635      6.973

  10         -7.2      2.917      7.180

1m17 , Compound4
     | (kcal/mol) | rmsd l.b.| rmsd u.b.

-----+------------+----------+----------

   1         -9.1      0.000      0.000

   2         -8.4      5.200      6.103

   3         -8.4      1.104      2.504

   4         -8.2      3.784      7.628

   5         -8.2      3.667      7.241

   6         -8.2      4.919      8.359

   7         -8.1      3.859      8.107

   8         -8.1      4.829      8.336

   9         -8.0      5.202      8.166

  10         -8.0      3.968      7.316

1m17 , Compound5
     | (kcal/mol) | rmsd l.b.| rmsd u.b.

-----+------------+----------+----------

   1         -8.4      0.000      0.000

   2         -8.2      5.422      6.761

   3         -7.8      4.091      7.053

   4         -7.8      1.537      1.961

   5         -7.8      4.312      6.729

   6         -7.7      3.435      6.008

   7         -7.6      5.521      7.568

   8         -7.5      5.219      6.327

   9         -7.5      4.397      7.165

  10         -7.5      5.287      6.846

1m17 , Compound6
     | (kcal/mol) | rmsd l.b.| rmsd u.b.

-----+------------+----------+----------

   1         -9.9      0.000      0.000

   2         -9.8      4.425      7.490

   3         -9.4      3.935      6.867

   4         -9.1      2.026      7.849

   5         -8.9      2.894      8.088

   6         -8.9      2.239      8.203

   7         -8.8      3.976      9.092

   8         -8.8      2.908      4.355

   9         -8.8      2.514      9.000

  10         -8.8      3.811      8.969

1m17 , Compound8
     | (kcal/mol) | rmsd l.b.| rmsd u.b.

-----+------------+----------+----------

   1         -8.6      0.000      0.000

   2         -8.3      4.016      6.318

   3         -8.1      3.412      4.239

   4         -7.8      3.328      6.638

   5         -7.5      2.760      6.749

   6         -7.5      1.690      2.213

   7         -7.5      3.568      4.767

   8         -7.4      3.968      7.466

   9         -7.4      3.135      6.659

  10         -7.2      3.370      6.614

1m17 , Compound9
     | (kcal/mol) | rmsd l.b.| rmsd u.b.

-----+------------+----------+----------

   1         -8.6      0.000      0.000

   2         -8.2      3.501      4.275

   3         -8.0      4.259      6.433

   4         -7.6      3.259      6.746

   5         -7.5      4.112      6.057

   6         -7.5      2.726      6.948

   7         -7.5      4.202      6.909

2ivu , Compound10
     | (kcal/mol) | rmsd l.b.| rmsd u.b.

-----+------------+----------+----------

   1         -6.9      0.000      0.000

   2         -6.7      4.025      7.087

   3         -6.5      1.630      2.670

   4         -6.5      1.322      1.541

   5         -6.5     19.750     21.608

   6         -6.4      4.092      7.101

   7         -6.4     19.963     21.971

   8         -6.3      4.013      7.018

   9         -6.2      4.026      7.165

  10         -6.2      4.113      6.125

2ivu , Compound11
     | (kcal/mol) | rmsd l.b.| rmsd u.b.

-----+------------+----------+----------

   1         -7.9      0.000      0.000

   2         -7.8      3.889      5.590

   3         -7.5      2.198      2.946

   4         -6.5     20.234     22.238

   5         -6.5      2.821      4.288

   6         -6.4     19.726     21.581

   7         -6.3      2.099      3.555

   8         -6.3      1.959      3.338

   9         -6.1      9.128     11.057

  10         -6.0      2.908      4.343

2ivu , Compound12
     | (kcal/mol) | rmsd l.b.| rmsd u.b.

-----+------------+----------+----------

   1         -8.1      0.000      0.000

   2         -7.8      1.684      2.318

   3         -7.3      4.923      7.603

   4         -7.2      2.579      4.292

   5         -7.1      3.733      6.786

   6         -7.1      4.238      6.800

   7         -7.0      3.950      7.008

   8         -7.0     20.579     22.228

   9         -7.0     20.117     21.845

  10         -6.9      4.308      7.498

2ivu , Compound14
     | (kcal/mol) | rmsd l.b.| rmsd u.b.

-----+------------+----------+----------

   1         -8.8      0.000      0.000

   2         -8.1      2.194      2.744

   3         -7.9      2.440      3.727

   4         -7.6      2.620      3.629

   5         -7.6      2.997      7.725

   6         -7.5      2.082      3.384

   7         -7.4      2.361      3.105

   8         -7.4      2.531      3.820

   9         -7.4      2.658      3.337

  10         -7.1      2.835      4.005

2ivu , Compound15
     | (kcal/mol) | rmsd l.b.| rmsd u.b.

-----+------------+----------+----------

   1         -8.1      0.000      0.000

   2         -8.0      2.536      3.365

   3         -7.9      2.033      2.605

   4         -7.9      2.331      3.810

   5         -7.7      2.179      2.972

   6         -7.6      2.558      3.610

   7         -7.6      0.889      2.242

   8         -7.3      2.307      3.534

   9         -7.3      1.513      1.963

  10         -7.2      1.546      2.644

2ivu , Compound17
     | (kcal/mol) | rmsd l.b.| rmsd u.b.

-----+------------+----------+----------

   1         -6.6      0.000      0.000

   2         -6.4     20.100     22.400

   3         -6.4      3.346      6.821

   4         -6.0      3.708      6.701

   5         -5.8      3.597      6.064

   6         -5.6      7.380      9.922

   7         -5.6     16.816     19.279

   8         -5.5     17.166     19.680

   9         -5.5      9.041     10.832

  10         -5.2     17.423     19.934

2ivu , Compound18
     | (kcal/mol) | rmsd l.b.| rmsd u.b.

-----+------------+----------+----------

   1         -7.6      0.000      0.000

   2         -7.3      0.544      2.003

   3         -7.1      3.380      4.741

   4         -6.9      3.289      4.414

   5         -6.6      3.586      6.339

   6         -6.5     19.482     21.106

   7         -6.4      3.944      7.237

   8         -6.2      7.231      9.573

   9         -6.2      4.165      5.734

  10         -6.0      3.682      5.463

2ivu , Compound1
     | (kcal/mol) | rmsd l.b.| rmsd u.b.

-----+------------+----------+----------

   1         -8.3      0.000      0.000

   2         -8.0      4.282      5.276

   3         -6.7     16.556     18.324

   4         -6.7      4.865      8.055

   5         -6.7      4.540      6.481

   6         -6.6      4.835      6.083

   7         -6.4      5.118      8.417

   8         -6.2      4.767      6.380

   9         -6.1      9.436     12.722

  10         -6.1      4.642      6.836

2ivu , Compound20
     | (kcal/mol) | rmsd l.b.| rmsd u.b.

-----+------------+----------+----------

   1         -8.2      0.000      0.000

   2         -7.8      1.335      1.743

   3         -7.6      2.811      4.293

   4         -7.6      4.740      7.533

   5         -7.6      2.883      4.746

   6         -7.3      5.006      7.678

   7         -7.1      2.319      3.632

   8         -7.0      2.638      3.850

   9         -7.0      3.700      4.768

  10         -6.4      3.913      7.494

2ivu , Compound22
     | (kcal/mol) | rmsd l.b.| rmsd u.b.

-----+------------+----------+----------

   1         -8.1      0.000      0.000

   2         -7.7      1.803      2.034

   3         -7.7      0.828      2.034

   4         -7.6      0.976      2.318

   5         -7.5      1.957      3.600

   6         -7.3      2.236      3.345

   7         -7.3      1.601      2.927

   8         -7.2      4.640      7.229

   9         -7.2      4.484      6.983

  10         -7.1      1.943      2.877

2ivu , Compound24
     | (kcal/mol) | rmsd l.b.| rmsd u.b.

-----+------------+----------+----------

   1         -8.1      0.000      0.000

   2         -8.1      2.463      3.595

   3         -7.6      2.680      3.762

   4         -7.5      1.744      2.341

   5         -7.4      0.988      2.382

   6         -7.2      1.428      2.921

   7         -7.1      4.338      6.687

   8         -7.0      4.351      6.907

   9         -6.9      1.901      2.979

  10         -6.8     18.842     19.990

2ivu , Compound28
     | (kcal/mol) | rmsd l.b.| rmsd u.b.

-----+------------+----------+----------

   1         -8.1      0.000      0.000

   2         -7.7      2.572      3.712

   3         -7.6      4.940      8.018

   4         -7.5      3.262      4.319

   5         -7.5      2.848      4.036

   6         -7.4      3.162      4.781

   7         -7.3      5.525      7.849

   8         -7.3      2.411      3.630

   9         -7.3      2.161      2.899

  10         -7.2      5.726      8.217

2ivu , Compound29
     | (kcal/mol) | rmsd l.b.| rmsd u.b.

-----+------------+----------+----------

   1         -9.0      0.000      0.000

   2         -8.8      0.225      2.054

   3         -8.6      1.948      3.221

   4         -8.4      1.086      3.265

   5         -8.3      1.916      3.624

   6         -7.9      1.977      3.680

   7         -7.7      2.062      2.934

   8         -7.6      2.593      4.304

   9         -7.6      5.107      7.781

  10         -7.6      2.050      3.499

2ivu , Compound2
     | (kcal/mol) | rmsd l.b.| rmsd u.b.

-----+------------+----------+----------

   1         -8.1      0.000      0.000

   2         -7.8      1.968      3.296

   3         -7.5      2.007      2.910

   4         -7.3      1.628      3.166

   5         -7.2      2.025      3.321

   6         -7.2     21.553     23.462

   7         -7.2      2.576      4.518

   8         -6.8      3.832      7.421

   9         -6.8     19.948     22.230

  10         -6.7      7.818     10.191

2ivu , Compound3
     | (kcal/mol) | rmsd l.b.| rmsd u.b.

-----+------------+----------+----------

   1         -7.6      0.000      0.000

   2         -7.3      1.857      2.873

   3         -7.2      2.100      3.339

   4         -7.1      3.643      7.185

   5         -7.1      3.630      7.095

   6         -7.0      1.449      2.341

   7         -7.0      1.091      2.656

   8         -6.9      2.094      3.736

   9         -6.8      3.350      7.291

  10         -6.8      3.017      6.977

2ivu , Compound4
     | (kcal/mol) | rmsd l.b.| rmsd u.b.

-----+------------+----------+----------

   1         -8.6      0.000      0.000

   2         -8.2      2.563      3.940

   3         -8.0      2.475      3.439

   4         -7.9      2.436      3.199

   5         -7.8      2.506      3.957

   6         -7.8      0.477      2.349

   7         -7.7      6.768      9.183

   8         -7.7      5.802      8.360

   9         -7.6      3.986      5.162

  10         -7.5      3.823      6.318

2ivu , Compound5
     | (kcal/mol) | rmsd l.b.| rmsd u.b.

-----+------------+----------+----------

   1         -8.6      0.000      0.000

   2         -8.4      3.138      4.336

   3         -8.4      3.138      4.578

   4         -8.4      1.057      2.748

   5         -8.2      3.109      4.178

   6         -8.2      5.151      6.970

   7         -8.2      1.517      2.486

   8         -8.1      2.995      4.289

   9         -7.8      5.123      7.084

  10         -7.6      2.782      4.166

2ivu , Compound6
     | (kcal/mol) | rmsd l.b.| rmsd u.b.

-----+------------+----------+----------

   1         -9.3      0.000      0.000

   2         -9.2      1.033      2.347

   3         -9.2      1.011      2.232

   4         -8.8      3.566      4.823

   5         -8.8      3.452      4.464

   6         -8.8      6.643      8.978

   7         -8.5      7.836      9.664

   8         -8.5      7.500      9.911

   9         -8.4      3.076      4.152

  10         -8.4      6.497      8.466

2ivu , Compound8
     | (kcal/mol) | rmsd l.b.| rmsd u.b.

-----+------------+----------+----------

   1         -8.0      0.000      0.000

   2         -6.9      2.899      4.542

   3         -6.9      2.972      3.895

   4         -6.8     20.416     22.394

   5         -6.7      2.569      3.815

   6         -6.6      4.449      7.431

   7         -6.5     19.937     21.813

   8         -6.4      4.073      6.318

   9         -6.3      3.073      4.853

  10         -6.2      2.742      3.362

2ivu , Compound9
     | (kcal/mol) | rmsd l.b.| rmsd u.b.

-----+------------+----------+----------

   1         -7.7      0.000      0.000

   2         -7.4      2.580      3.751

   3         -7.2      2.399      3.978

   4         -7.1      2.547      3.995

   5         -6.9      4.288      7.204

   6         -6.8      5.049      7.575

   7         -6.7      2.952      4.850

3g0e , Compound10
     | (kcal/mol) | rmsd l.b.| rmsd u.b.

-----+------------+----------+----------

   1         -7.5      0.000      0.000

   2         -7.3     15.282     17.204

   3         -6.6      2.739      3.560

   4         -6.5     20.698     22.540

   5         -6.4     14.211     16.193

   6         -6.3      2.435      3.490

   7         -6.3      1.073      2.478

   8         -6.1     13.243     15.552

   9         -6.0     18.199     20.118

  10         -6.0     12.833     14.852

3g0e , Compound11
     | (kcal/mol) | rmsd l.b.| rmsd u.b.

-----+------------+----------+----------

   1         -8.0      0.000      0.000

   2         -7.8      2.026      2.424

   3         -7.6      2.827      6.544

   4         -7.6      2.366      3.349

   5         -7.4      3.210      6.866

   6         -7.1     16.464     18.142

   7         -7.0     14.414     16.121

   8         -6.9     18.625     20.336

   9         -6.8     16.437     18.038

  10         -6.7      4.907      7.940

3g0e , Compound12
     | (kcal/mol) | rmsd l.b.| rmsd u.b.

-----+------------+----------+----------

   1         -7.2      0.000      0.000

   2         -7.1      4.310      5.448

   3         -6.7      5.589      7.584

   4         -6.6      1.677      2.807

   5         -6.5      0.995      2.330

   6         -6.2      5.336      7.237

   7         -6.1      5.873      7.891

   8         -6.1      5.795      7.148

   9         -6.1      5.670      8.047

  10         -6.0      4.961      6.851

3g0e , Compound14
     | (kcal/mol) | rmsd l.b.| rmsd u.b.

-----+------------+----------+----------

   1         -8.3      0.000      0.000

   2         -8.3     16.708     18.559

   3         -8.3     16.658     18.602

   4         -8.2      2.022      2.550

   5         -7.9     15.044     16.888

   6         -7.9     16.541     18.410

   7         -7.6     15.184     16.934

   8         -7.5     14.906     16.768

   9         -7.3     15.011     16.877

  10         -7.0     19.558     21.496

3g0e , Compound15
     | (kcal/mol) | rmsd l.b.| rmsd u.b.

-----+------------+----------+----------

   1         -8.3      0.000      0.000

   2         -8.1      1.967      2.722

   3         -7.3     15.136     17.413

   4         -7.2     18.601     21.099

   5         -7.1     12.544     15.067

   6         -7.1     15.037     17.342

   7         -7.0     14.810     17.174

   8         -7.0     12.553     14.989

   9         -6.9     12.243     13.621

  10         -6.9     18.650     21.081

3g0e , Compound17
     | (kcal/mol) | rmsd l.b.| rmsd u.b.

-----+------------+----------+----------

   1         -6.6      0.000      0.000

   2         -6.5      1.262      2.467

   3         -6.4      4.610      7.061

   4         -6.4      4.831      7.557

   5         -6.1      1.188      2.600

   6         -6.1      2.182      3.589

   7         -6.0      6.853      8.128

   8         -6.0      4.966      7.269

   9         -5.9      6.509      7.849

  10         -5.9      5.105      6.863

3g0e , Compound18
     | (kcal/mol) | rmsd l.b.| rmsd u.b.

-----+------------+----------+----------

   1         -7.2      0.000      0.000

   2         -6.5      0.807      2.159

   3         -6.4      4.956      7.263

   4         -6.2      4.440      6.694

   5         -5.9      6.680      8.053

   6         -5.9      6.714      8.972

   7         -5.8      4.945      6.880

   8         -5.8      6.535      7.949

   9         -5.7      6.108      7.819

  10         -5.7      6.234      7.715

3g0e , Compound1
     | (kcal/mol) | rmsd l.b.| rmsd u.b.

-----+------------+----------+----------

   1         -7.6      0.000      0.000

   2         -7.3      2.220      3.029

   3         -6.8     17.179     19.264

   4         -6.6      1.775      2.460

   5         -6.6     14.897     16.691

   6         -6.4     14.556     16.572

   7         -6.4      2.089      3.423

   8         -6.3     19.010     21.108

   9         -6.3      0.674      2.295

  10         -6.3      2.059      3.502

3g0e , Compound20
     | (kcal/mol) | rmsd l.b.| rmsd u.b.

-----+------------+----------+----------

   1         -8.0      0.000      0.000

   2         -7.6     16.941     18.951

   3         -7.6      2.514      5.739

   4         -7.5      3.328      6.449

   5         -7.3     14.859     16.776

   6         -7.2     16.922     18.984

   7         -7.1     18.899     20.911

   8         -7.0     18.585     20.645

   9         -7.0     15.025     16.863

  10         -7.0     17.049     19.036

3g0e , Compound22
     | (kcal/mol) | rmsd l.b.| rmsd u.b.

-----+------------+----------+----------

   1         -7.8      0.000      0.000

   2         -7.7      3.543      6.581

   3         -7.7      1.403      2.267

   4         -7.7      3.010      6.410

   5         -7.5      3.050      6.085

   6         -7.4     16.600     18.851

   7         -7.3      1.585      2.415

   8         -7.2     19.080     21.294

   9         -7.2     14.866     17.097

  10         -7.0     19.017     21.273

3g0e , Compound24
     | (kcal/mol) | rmsd l.b.| rmsd u.b.

-----+------------+----------+----------

   1         -8.0      0.000      0.000

   2         -7.8      4.703      5.698

   3         -7.8      1.336      2.639

   4         -7.7      1.389      2.698

   5         -7.7      1.504      3.077

   6         -7.6      1.444      2.168

   7         -7.4      4.465      5.787

   8         -7.2      4.682      5.922

   9         -7.0      3.497      5.065

  10         -6.9      2.732      3.787

3g0e , Compound28
     | (kcal/mol) | rmsd l.b.| rmsd u.b.

-----+------------+----------+----------

   1         -7.9      0.000      0.000

   2         -7.8      4.196      5.613

   3         -7.5      4.104      5.349

   4         -7.3      4.386      5.550

   5         -7.3      3.190      4.584

   6         -7.3      2.742      4.586

   7         -7.2      1.506      3.060

   8         -7.0      1.365      2.240

   9         -6.9      3.521      5.163

  10         -6.9      2.927      3.779

3g0e , Compound29
     | (kcal/mol) | rmsd l.b.| rmsd u.b.

-----+------------+----------+----------

   1         -8.7      0.000      0.000

   2         -8.6      0.834      2.186

   3         -8.5     16.605     18.672

   4         -8.3     16.623     18.621

   5         -8.3     16.524     18.509

   6         -8.1     16.561     18.483

   7         -7.8     15.303     17.333

   8         -7.7     15.305     17.271

   9         -7.4     18.690     20.726

  10         -7.4     18.586     20.676

3g0e , Compound2
     | (kcal/mol) | rmsd l.b.| rmsd u.b.

-----+------------+----------+----------

   1         -7.9      0.000      0.000

   2         -7.8     17.189     19.469

   3         -7.5      4.650      6.178

   4         -7.5      4.299      5.621

   5         -7.5     16.132     17.965

   6         -7.1     16.854     18.864

   7         -7.0      4.555      6.140

   8         -6.9     16.032     19.337

   9         -6.8      2.471      4.054

  10         -6.4     17.148     19.045

3g0e , Compound3
     | (kcal/mol) | rmsd l.b.| rmsd u.b.

-----+------------+----------+----------

   1         -7.7      0.000      0.000

   2         -7.7      0.351      2.048

   3         -7.5      0.385      2.201

   4         -7.3      4.430      5.639

   5         -7.3      1.446      2.735

   6         -6.8      2.831      4.111

   7         -6.6      4.081      5.214

   8         -6.6      3.125      4.947

   9         -6.5      5.040      6.843

  10         -6.2      5.915      7.942

3g0e , Compound4
     | (kcal/mol) | rmsd l.b.| rmsd u.b.

-----+------------+----------+----------

   1         -8.6      0.000      0.000

   2         -8.5      0.587      2.021

   3         -8.3      4.263      5.815

   4         -8.0      4.047      5.391

   5         -7.9      4.168      5.398

   6         -7.8      5.040      6.684

   7         -7.7      2.725      4.428

   8         -7.6      3.545      5.495

   9         -7.5      2.661      3.732

  10         -7.5      3.485      5.057

3g0e , Compound5
     | (kcal/mol) | rmsd l.b.| rmsd u.b.

-----+------------+----------+----------

   1         -8.2      0.000      0.000

   2         -8.1     15.056     17.195

   3         -8.0     14.179     15.899

   4         -7.7      4.548      5.962

   5         -7.6     14.007     15.882

   6         -7.6      4.766      7.060

   7         -7.6      4.323      6.873

   8         -7.3      1.311      2.731

   9         -7.2      2.344      3.642

  10         -7.2      1.377      1.909

3g0e , Compound6
     | (kcal/mol) | rmsd l.b.| rmsd u.b.

-----+------------+----------+----------

   1         -9.5      0.000      0.000

   2         -9.3      5.097      6.852

   3         -9.2      4.875      6.438

   4         -9.1      3.405      4.984

   5         -9.0      2.029      2.846

   6         -8.9      1.834      3.370

   7         -8.9      5.735      7.336

   8         -8.5      3.790      4.933

   9         -8.4      3.661      5.020

  10         -8.3      2.124      3.498

3g0e , Compound8
     | (kcal/mol) | rmsd l.b.| rmsd u.b.

-----+------------+----------+----------

   1         -8.0      0.000      0.000

   2         -7.3      1.814      2.274

   3         -7.1     14.762     16.713

   4         -7.0      1.708      2.226

   5         -6.9     16.890     18.908

   6         -6.5     14.793     16.747

   7         -6.4     17.041     18.998

   8         -6.4     19.618     21.589

   9         -6.4     14.425     16.406

  10         -6.3     22.392     24.202

3g0e , Compound9
     | (kcal/mol) | rmsd l.b.| rmsd u.b.

-----+------------+----------+----------

   1         -6.9      0.000      0.000

   2         -6.8      0.970      2.421

   3         -6.7      5.790      6.954

   4         -6.7      4.735      7.474

   5         -6.4      6.033      7.075

   6         -6.1      6.526      8.763

   7         -6.1      5.116      6.553

cdk1 , Compound10
     | (kcal/mol) | rmsd l.b.| rmsd u.b.

-----+------------+----------+----------

   1         -9.4      0.000      0.000

   2         -9.3      1.940      2.402

   3         -9.3      2.244      2.669

   4         -8.6      2.992      4.277

   5         -8.5      2.361      3.751

   6         -8.1      3.030      3.818

   7         -7.7      2.420      3.278

   8         -7.6      3.745      8.620

   9         -6.9      7.688     10.318

  10         -6.8      5.439     10.587

cdk1 , Compound11
     | (kcal/mol) | rmsd l.b.| rmsd u.b.

-----+------------+----------+----------

   1         -9.2      0.000      0.000

   2         -9.1      2.757      3.493

   3         -8.1      4.381      7.638

   4         -7.6      4.864      7.936

   5         -7.3      5.090      8.787

   6         -7.0      6.458     10.525

   7         -6.9      6.420      8.687

   8         -6.9      2.959      5.581

   9         -6.9     22.392     24.751

  10         -6.7     21.359     22.918

cdk1 , Compound12
     | (kcal/mol) | rmsd l.b.| rmsd u.b.

-----+------------+----------+----------

   1         -9.9      0.000      0.000

   2         -9.0      1.998      2.599

   3         -7.3      7.657      9.880

   4         -7.1      2.776      4.023

   5         -6.8      7.728     10.512

   6         -6.6      7.537     11.694

   7         -6.6      6.584     11.014

   8         -6.5     21.633     23.427

   9         -6.4      2.930      4.059

  10         -6.4      7.441     10.282

cdk1 , Compound14
     | (kcal/mol) | rmsd l.b.| rmsd u.b.

-----+------------+----------+----------

   1        -10.5      0.000      0.000

   2         -9.5      1.956      2.445

   3         -9.0      0.947      2.432

   4         -8.6      3.350      8.228

   5         -8.5      1.874      3.368

   6         -7.9      2.340      3.595

   7         -7.8      4.162      9.279

   8         -7.8      2.919      7.895

   9         -7.7      2.031      3.508

  10         -7.2      7.592     10.462

cdk1 , Compound15
     | (kcal/mol) | rmsd l.b.| rmsd u.b.

-----+------------+----------+----------

   1        -10.3      0.000      0.000

   2         -9.8      2.164      2.811

   3         -8.8      2.161      3.965

   4         -8.7      3.348      8.203

   5         -8.5      3.825      5.944

   6         -8.2      3.874      5.626

   7         -8.1      2.239      3.700

   8         -8.0      3.012      8.114

   9         -7.9      2.263      3.556

  10         -7.9      4.139      9.071

cdk1 , Compound17
     | (kcal/mol) | rmsd l.b.| rmsd u.b.

-----+------------+----------+----------

   1        -10.0      0.000      0.000

   2         -9.6      1.541      2.181

   3         -7.3      2.697      3.903

   4         -7.1      6.696      9.873

   5         -6.9      4.586      9.101

   6         -6.8      6.906     10.265

   7         -6.7      6.303     10.660

   8         -6.4     21.456     23.257

   9         -6.3     21.463     23.249

  10         -6.1     21.743     23.325

cdk1 , Compound18
     | (kcal/mol) | rmsd l.b.| rmsd u.b.

-----+------------+----------+----------

   1        -10.0      0.000      0.000

   2         -9.6      1.564      2.206

   3         -7.6      2.729      4.049

   4         -7.3      6.723      9.784

   5         -7.0      4.936      9.609

   6         -6.8      7.998     10.186

   7         -6.8      4.336      8.864

   8         -6.6     21.491     22.572

   9         -6.2     21.781     23.331

  10         -6.2      8.074     11.252

cdk1 , Compound1
     | (kcal/mol) | rmsd l.b.| rmsd u.b.

-----+------------+----------+----------

   1         -9.7      0.000      0.000

   2         -7.0      6.764      9.865

   3         -6.5      6.872     10.423

   4         -6.5     21.500     23.399

   5         -6.4      7.482     11.746

   6         -6.4     21.441     23.343

   7         -6.3      6.493     11.041

   8         -6.2     21.489     23.129

   9         -6.2     21.375     24.343

  10         -6.2      8.028     11.146

cdk1 , Compound20
     | (kcal/mol) | rmsd l.b.| rmsd u.b.

-----+------------+----------+----------

   1        -10.3      0.000      0.000

   2         -9.9      1.415      2.100

   3         -9.3      1.582      3.196

   4         -9.2      1.011      2.551

   5         -9.1      1.513      1.939

   6         -8.5      3.729      5.336

   7         -8.3      2.346      3.888

   8         -8.2      2.355      3.928

   9         -7.5      6.927      9.893

  10         -7.4      4.226      8.982

cdk1 , Compound22
     | (kcal/mol) | rmsd l.b.| rmsd u.b.

-----+------------+----------+----------

   1         -9.9      0.000      0.000

   2         -9.7      0.157      1.854

   3         -9.3      0.958      2.464

   4         -9.1      0.913      3.049

   5         -8.5      2.717      4.308

   6         -8.4      3.597      5.186

   7         -8.3      4.124      5.459

   8         -8.1      3.005      8.222

   9         -8.0      3.212      4.691

  10         -8.0      1.893      3.336

cdk1 , Compound24
     | (kcal/mol) | rmsd l.b.| rmsd u.b.

-----+------------+----------+----------

   1        -10.0      0.000      0.000

   2         -9.7      1.533      2.154

   3         -9.1      3.489      5.167

   4         -9.1      3.433      4.354

   5         -9.0      1.413      2.786

   6         -8.7      4.124      5.743

   7         -8.6      2.061      3.815

   8         -8.3      2.998      4.462

   9         -8.0      4.279      5.590

  10         -8.0      4.526      8.807

cdk1 , Compound28
     | (kcal/mol) | rmsd l.b.| rmsd u.b.

-----+------------+----------+----------

   1         -9.9      0.000      0.000

   2         -9.4      2.099      2.575

   3         -9.1      1.434      2.426

   4         -9.0      1.589      3.395

   5         -8.6      3.360      4.764

   6         -8.4      2.548      3.807

   7         -8.4      3.480      8.213

   8         -7.8      3.994      8.663

   9         -7.7      3.642      8.665

  10         -7.6      4.081      9.030

cdk1 , Compound29
     | (kcal/mol) | rmsd l.b.| rmsd u.b.

-----+------------+----------+----------

   1        -10.6      0.000      0.000

   2        -10.4      1.634      2.773

   3        -10.3      0.119      2.048

   4        -10.3      1.660      2.627

   5         -9.9      1.778      3.581

   6         -9.8      1.334      3.226

   7         -9.7      1.400      2.742

   8         -9.4      4.102      5.994

   9         -9.4      4.090      6.228

  10         -9.1      2.492      3.939

cdk1 , Compound2
     | (kcal/mol) | rmsd l.b.| rmsd u.b.

-----+------------+----------+----------

   1         -9.7      0.000      0.000

   2         -9.2      2.131      2.861

   3         -9.2      1.517      2.170

   4         -9.1      2.923      4.377

   5         -9.0      1.950      3.305

   6         -8.6      2.104      3.691

   7         -8.5      3.691      5.106

   8         -8.0      0.673      2.231

   9         -8.0      3.881      4.932

  10         -7.9      2.492      3.889

cdk1 , Compound3
     | (kcal/mol) | rmsd l.b.| rmsd u.b.

-----+------------+----------+----------

   1         -9.3      0.000      0.000

   2         -9.0      1.579      1.887

   3         -8.8      2.534      2.996

   4         -8.7      3.015      4.209

   5         -8.6      1.941      3.320

   6         -8.3      2.249      3.790

   7         -8.1      2.411      3.882

   8         -8.1      3.767      5.612

   9         -7.9      2.565      8.561

  10         -7.9      3.855      5.205

cdk1 , Compound4
     | (kcal/mol) | rmsd l.b.| rmsd u.b.

-----+------------+----------+----------

   1        -10.3      0.000      0.000

   2        -10.2      2.820      3.451

   3         -9.7      2.551      3.930

   4         -9.5      0.823      2.500

   5         -9.3      3.468      4.937

   6         -9.2      3.519      4.778

   7         -9.1      3.993      7.826

   8         -9.1      2.321      3.737

   9         -9.1      4.032      8.029

  10         -8.7      4.590      8.603

cdk1 , Compound5
     | (kcal/mol) | rmsd l.b.| rmsd u.b.

-----+------------+----------+----------

   1        -10.0      0.000      0.000

   2         -9.8      3.458      4.156

   3         -9.3      3.959      5.313

   4         -9.1      4.761      8.199

   5         -9.1      3.013      4.137

   6         -8.9      4.237      7.713

   7         -8.5      3.954      5.425

   8         -8.4      4.675      8.395

   9         -8.3      4.904      8.441

  10         -8.3      3.959      5.216

cdk1 , Compound6
     | (kcal/mol) | rmsd l.b.| rmsd u.b.

-----+------------+----------+----------

   1        -11.3      0.000      0.000

   2        -11.3      4.109      6.485

   3        -11.0      2.736      4.497

   4        -10.5      3.736      9.465

   5        -10.5      3.920      9.226

   6        -10.5      3.798      9.298

   7         -9.8      4.772      9.790

   8         -9.7      4.769      9.882

   9         -9.6      4.397      9.853

  10         -9.6      4.895      9.700

cdk1 , Compound8
     | (kcal/mol) | rmsd l.b.| rmsd u.b.

-----+------------+----------+----------

   1         -9.8      0.000      0.000

   2         -9.2      1.709      2.189

   3         -9.1      2.989      3.661

   4         -8.2      3.678      4.831

   5         -8.1      4.111      8.509

   6         -7.2      5.291      9.615

   7         -7.1      4.487      9.054

   8         -7.0      7.270     10.385

   9         -6.7     21.600     23.352

  10         -6.7      7.741      9.984

cdk1 , Compound9
     | (kcal/mol) | rmsd l.b.| rmsd u.b.

-----+------------+----------+----------

   1         -9.6      0.000      0.000

   2         -9.4      1.946      2.466

   3         -8.9      2.104      3.506

   4         -8.8      1.748      3.126

   5         -8.4      0.770      2.497

   6         -8.2      3.480      4.830

   7         -7.9      4.603      5.705

ddr1 , Compound10
     | (kcal/mol) | rmsd l.b.| rmsd u.b.

-----+------------+----------+----------

   1         -7.9      0.000      0.000

   2         -7.7     11.684     13.500

   3         -7.7      0.397      2.170

   4         -7.5      5.357      9.154

   5         -7.5      0.538      2.268

   6         -7.4     11.234     13.133

   7         -7.3      4.866      7.224

   8         -7.2      5.234      7.448

   9         -7.2      4.607      6.526

  10         -7.1      2.917      4.045

ddr1 , Compound11
     | (kcal/mol) | rmsd l.b.| rmsd u.b.

-----+------------+----------+----------

   1         -8.2      0.000      0.000

   2         -8.1      1.087      2.633

   3         -7.9      2.110      2.866

   4         -7.9      1.445      2.751

   5         -7.8      1.301      1.772

   6         -7.6      3.508      7.270

   7         -7.6      4.084      6.082

   8         -7.5      4.409      6.570

   9         -7.5      8.124      9.593

  10         -7.5      9.896     11.328

ddr1 , Compound12
     | (kcal/mol) | rmsd l.b.| rmsd u.b.

-----+------------+----------+----------

   1         -7.8      0.000      0.000

   2         -7.6      9.414     11.122

   3         -7.5      6.066      7.971

   4         -7.5      3.337      6.390

   5         -7.5      3.431      6.972

   6         -7.5      1.838      3.389

   7         -7.4      6.187      8.104

   8         -7.3      9.607     11.118

   9         -7.3     16.207     18.939

  10         -7.2      9.240     10.839

ddr1 , Compound14
     | (kcal/mol) | rmsd l.b.| rmsd u.b.

-----+------------+----------+----------

   1         -8.9      0.000      0.000

   2         -8.9      1.402      2.744

   3         -8.9      0.377      2.091

   4         -8.8      0.454      2.095

   5         -8.7      2.478      3.513

   6         -8.7      2.026      2.527

   7         -8.7     16.425     18.034

   8         -8.7      1.746      2.584

   9         -8.6     16.519     18.209

  10         -8.5     15.525     17.353

ddr1 , Compound15
     | (kcal/mol) | rmsd l.b.| rmsd u.b.

-----+------------+----------+----------

   1         -8.9      0.000      0.000

   2         -8.8      0.997      2.167

   3         -8.7      0.923      2.315

   4         -8.3      1.749      3.348

   5         -8.1      1.816      2.749

   6         -8.0     15.832     17.530

   7         -7.8      4.675      6.385

   8         -7.8     10.349     12.163

   9         -7.7      6.483      9.204

  10         -7.6      4.901      6.804

ddr1 , Compound17
     | (kcal/mol) | rmsd l.b.| rmsd u.b.

-----+------------+----------+----------

   1         -9.5      0.000      0.000

   2         -7.8     10.153     12.695

   3         -7.8     10.890     13.149

   4         -7.8     11.249     12.989

   5         -7.7     11.309     12.848

   6         -7.7     10.786     12.281

   7         -7.6     10.996     13.425

   8         -7.5     12.571     14.681

   9         -7.3     12.193     14.532

  10         -7.3     12.042     13.874

ddr1 , Compound18
     | (kcal/mol) | rmsd l.b.| rmsd u.b.

-----+------------+----------+----------

   1         -8.3      0.000      0.000

   2         -8.0      4.285      6.646

   3         -7.9      4.181      6.369

   4         -7.9      1.861      3.389

   5         -7.9      0.484      2.172

   6         -7.8      4.310      6.443

   7         -7.8      3.237      6.977

   8         -7.6      5.154      7.476

   9         -7.6      5.504      7.501

  10         -7.3      5.555      7.442

ddr1 , Compound1
     | (kcal/mol) | rmsd l.b.| rmsd u.b.

-----+------------+----------+----------

   1         -8.0      0.000      0.000

   2         -7.9      0.953      2.661

   3         -7.9      1.367      1.659

   4         -7.7      0.495      2.146

   5         -7.6      1.639      2.664

   6         -7.6      2.564      3.318

   7         -7.5      2.859      6.987

   8         -7.5      4.322      6.552

   9         -7.4      4.177      6.377

  10         -7.4      7.815      9.410

ddr1 , Compound20
     | (kcal/mol) | rmsd l.b.| rmsd u.b.

-----+------------+----------+----------

   1        -10.1      0.000      0.000

   2         -9.0      0.477      2.202

   3         -8.1     10.471     12.448

   4         -7.9     10.505     12.480

   5         -7.7     10.514     12.469

   6         -7.7     11.258     14.536

   7         -7.6     12.637     14.501

   8         -7.6     12.677     14.428

   9         -7.5     11.105     13.552

  10         -7.5     11.744     13.254

ddr1 , Compound22
     | (kcal/mol) | rmsd l.b.| rmsd u.b.

-----+------------+----------+----------

   1         -8.9      0.000      0.000

   2         -8.5     11.872     13.477

   3         -8.5     10.921     12.612

   4         -8.4     10.971     12.721

   5         -8.3     11.369     13.351

   6         -8.3     10.474     13.184

   7         -8.2     10.444     13.243

   8         -8.1     11.384     13.323

   9         -7.9      4.618      9.332

  10         -7.9     11.669     12.848

ddr1 , Compound24
     | (kcal/mol) | rmsd l.b.| rmsd u.b.

-----+------------+----------+----------

   1         -8.6      0.000      0.000

   2         -8.6      0.503      2.173

   3         -8.5      0.822      2.174

   4         -8.2      1.907      2.719

   5         -8.2      2.105      2.852

   6         -8.2      0.739      2.846

   7         -8.0      8.001      9.928

   8         -7.9      0.788      2.826

   9         -7.7      9.841     11.111

  10         -7.7      5.504      7.600

ddr1 , Compound28
     | (kcal/mol) | rmsd l.b.| rmsd u.b.

-----+------------+----------+----------

   1         -8.0      0.000      0.000

   2         -8.0      0.309      2.083

   3         -7.9     15.512     17.320

   4         -7.7      3.148      4.210

   5         -7.7      0.618      2.081

   6         -7.6      4.974      6.073

   7         -7.5      3.073      3.570

   8         -7.5      3.415      4.713

   9         -7.5      3.980      5.615

  10         -7.4     16.402     18.098

ddr1 , Compound29
     | (kcal/mol) | rmsd l.b.| rmsd u.b.

-----+------------+----------+----------

   1        -10.3      0.000      0.000

   2        -10.0      0.230      2.057

   3         -9.7      0.457      2.057

   4         -9.7      0.441      2.895

   5         -9.3     10.522     12.740

   6         -9.2     10.754     12.689

   7         -9.1     10.627     12.778

   8         -8.9     11.215     13.071

   9         -8.7     10.963     13.569

  10         -8.6     11.108     13.717

ddr1 , Compound2
     | (kcal/mol) | rmsd l.b.| rmsd u.b.

-----+------------+----------+----------

   1         -7.9      0.000      0.000

   2         -7.9      0.878      2.384

   3         -7.8      5.462      7.322

   4         -7.7      0.551      2.513

   5         -7.7      3.753      5.464

   6         -7.7      3.974      5.370

   7         -7.4      4.842      6.732

   8         -7.3      4.529      6.282

   9         -7.2      1.789      6.953

  10         -7.2      4.526      7.402

ddr1 , Compound3
     | (kcal/mol) | rmsd l.b.| rmsd u.b.

-----+------------+----------+----------

   1         -7.8      0.000      0.000

   2         -7.6      0.598      2.051

   3         -7.5      0.730      2.144

   4         -7.4      3.128      9.032

   5         -7.3      3.523      8.767

   6         -7.2     15.177     17.543

   7         -7.0      3.089      6.981

   8         -7.0      4.135      5.571

   9         -7.0     22.134     23.960

  10         -6.9      5.926      7.519

ddr1 , Compound4
     | (kcal/mol) | rmsd l.b.| rmsd u.b.

-----+------------+----------+----------

   1         -9.3      0.000      0.000

   2         -9.3     11.589     13.540

   3         -9.3     11.768     13.446

   4         -9.2     11.622     13.413

   5         -9.0     12.102     14.283

   6         -9.0     12.036     14.195

   7         -8.9      5.191      7.536

   8         -8.8     11.698     14.071

   9         -8.8      5.218      7.646

  10         -8.7      5.210      7.596

ddr1 , Compound5
     | (kcal/mol) | rmsd l.b.| rmsd u.b.

-----+------------+----------+----------

   1         -8.6      0.000      0.000

   2         -8.5      1.268      2.255

   3         -8.5      1.269      2.432

   4         -8.0      4.480      7.893

   5         -8.0      7.967      9.483

   6         -7.9      1.888      2.317

   7         -7.9      2.042      3.213

   8         -7.9     16.126     17.939

   9         -7.8      4.853      6.908

  10         -7.7     16.015     17.969

ddr1 , Compound6
     | (kcal/mol) | rmsd l.b.| rmsd u.b.

-----+------------+----------+----------

   1         -9.7      0.000      0.000

   2         -9.7      0.314      1.982

   3         -9.7     15.747     17.199

   4         -9.5      0.921      2.056

   5         -9.1     16.124     17.533

   6         -9.0      3.818      5.133

   7         -8.9     16.237     17.637

   8         -8.9      3.284      4.884

   9         -8.4      5.808      7.870

  10         -8.3      2.237      3.618

ddr1 , Compound8
     | (kcal/mol) | rmsd l.b.| rmsd u.b.

-----+------------+----------+----------

   1         -8.4      0.000      0.000

   2         -8.0      1.756      2.602

   3         -7.9      1.620      2.629

   4         -7.9      4.641      6.119

   5         -7.9      1.093      2.690

   6         -7.9      4.972      6.773

   7         -7.8      3.955      7.487

   8         -7.7      2.142      2.711

   9         -7.6      6.027      7.842

  10         -7.5      7.920     10.196

ddr1 , Compound9
     | (kcal/mol) | rmsd l.b.| rmsd u.b.

-----+------------+----------+----------

   1         -7.8      0.000      0.000

   2         -7.7      0.479      2.443

   3         -7.7      0.582      2.429

   4         -7.6      3.749      5.446

   5         -7.4      2.852      3.385

   6         -7.3      4.907      7.203

   7         -7.3      5.020      6.566

3lw0 , Compound10
     | (kcal/mol) | rmsd l.b.| rmsd u.b.

-----+------------+----------+----------

   1         -7.5      0.000      0.000

   2         -7.4      3.846      7.356

   3         -7.3      3.901      7.285

   4         -7.3      2.805      6.766

   5         -7.2      2.772      6.803

   6         -7.1      3.632      7.141

   7         -7.1      5.150      7.552

   8         -7.0      3.921      7.238

   9         -7.0      3.556      6.821

  10         -6.9      3.358      4.886

3lw0 , Compound11
     | (kcal/mol) | rmsd l.b.| rmsd u.b.

-----+------------+----------+----------

   1         -8.6      0.000      0.000

   2         -8.2      1.276      1.593

   3         -7.9      2.319      3.487

   4         -7.7      2.070      3.246

   5         -7.5      3.444      4.422

   6         -7.4      5.548      8.567

   7         -7.4      4.690      7.685

   8         -7.4      4.723      7.785

   9         -7.1      4.123      5.938

  10         -7.1      2.693      3.694

3lw0 , Compound12
     | (kcal/mol) | rmsd l.b.| rmsd u.b.

-----+------------+----------+----------

   1         -7.5      0.000      0.000

   2         -7.4      1.748      3.351

   3         -7.4      3.883      6.841

   4         -7.3      4.324      7.207

   5         -7.3      4.382      7.433

   6         -7.1      2.353      3.138

   7         -7.1      4.287      7.419

   8         -7.0      4.362      7.497

   9         -7.0      4.693      7.959

  10         -7.0      4.710      7.800

3lw0 , Compound14
     | (kcal/mol) | rmsd l.b.| rmsd u.b.

-----+------------+----------+----------

   1         -8.9      0.000      0.000

   2         -8.4      1.918      3.206

   3         -8.3      0.510      2.268

   4         -8.3      2.133      3.374

   5         -8.2      2.032      2.601

   6         -7.8      5.750      8.557

   7         -7.8      1.956      3.459

   8         -7.7      2.118      2.858

   9         -7.7      3.812      5.691

  10         -7.6      1.769      2.235

3lw0 , Compound15
     | (kcal/mol) | rmsd l.b.| rmsd u.b.

-----+------------+----------+----------

   1         -8.7      0.000      0.000

   2         -8.6      2.302      3.650

   3         -8.4      2.339      3.627

   4         -8.3      1.148      2.495

   5         -8.2      1.571      1.872

   6         -8.0      1.591      2.198

   7         -7.9      2.645      3.536

   8         -7.8      2.559      3.505

   9         -7.8      2.481      3.351

  10         -7.6      4.024      5.748

3lw0 , Compound17
     | (kcal/mol) | rmsd l.b.| rmsd u.b.

-----+------------+----------+----------

   1         -8.1      0.000      0.000

   2         -7.7      1.360      2.853

   3         -7.3      4.269      5.858

   4         -7.3      2.021      3.255

   5         -7.3      4.313      7.893

   6         -7.2      4.079      7.554

   7         -7.2      4.176      7.184

   8         -7.1      4.215      7.652

   9         -7.0      4.088      7.428

  10         -7.0      1.618      3.251

3lw0 , Compound18
     | (kcal/mol) | rmsd l.b.| rmsd u.b.

-----+------------+----------+----------

   1         -8.3      0.000      0.000

   2         -8.0      1.670      2.983

   3         -7.6      1.835      2.381

   4         -7.3      4.632      7.551

   5         -7.1      2.641      3.452

   6         -7.1      4.564      7.444

   7         -7.1      4.340      6.811

   8         -6.8      3.749      5.326

   9         -6.8      4.202      6.070

  10         -6.7      4.612      7.474

3lw0 , Compound1
     | (kcal/mol) | rmsd l.b.| rmsd u.b.

-----+------------+----------+----------

   1         -7.8      0.000      0.000

   2         -7.6      0.486      2.437

   3         -7.5      0.395      2.309

   4         -7.4      1.512      3.113

   5         -7.1      3.574      6.966

   6         -7.0      2.965      6.747

   7         -7.0      4.067      7.869

   8         -6.9      3.353      7.212

   9         -6.9      3.542      6.787

  10         -6.9      4.094      5.715

3lw0 , Compound20
     | (kcal/mol) | rmsd l.b.| rmsd u.b.

-----+------------+----------+----------

   1         -8.5      0.000      0.000

   2         -8.2      2.069      3.195

   3         -7.9      2.099      2.612

   4         -7.8      4.881      7.996

   5         -7.8      4.640      7.499

   6         -7.6      4.797      7.860

   7         -7.3      5.321      8.389

   8         -7.2      3.861      7.067

   9         -7.1      2.352      3.651

  10         -7.1      5.904      7.853

3lw0 , Compound22
     | (kcal/mol) | rmsd l.b.| rmsd u.b.

-----+------------+----------+----------

   1         -8.0      0.000      0.000

   2         -7.9      1.096      2.420

   3         -7.9      4.269      7.202

   4         -7.9      0.868      3.066

   5         -7.8      4.874      8.084

   6         -7.8      4.584      7.788

   7         -7.8      1.128      2.420

   8         -7.7      4.499      7.660

   9         -7.7      4.385      7.509

  10         -7.7      3.440      5.438

3lw0 , Compound24
     | (kcal/mol) | rmsd l.b.| rmsd u.b.

-----+------------+----------+----------

   1         -8.6      0.000      0.000

   2         -8.4      0.705      2.039

   3         -8.4      0.455      2.126

   4         -8.3      0.749      2.662

   5         -8.1      1.390      2.355

   6         -8.0      1.443      3.162

   7         -7.7      1.628      2.972

   8         -7.6      5.779      8.703

   9         -7.6      4.673      7.415

  10         -7.5      5.457      8.299

3lw0 , Compound28
     | (kcal/mol) | rmsd l.b.| rmsd u.b.

-----+------------+----------+----------

   1         -8.2      0.000      0.000

   2         -7.6      4.921      7.386

   3         -7.6      2.223      3.449

   4         -7.6      1.762      2.147

   5         -7.5      4.859      7.314

   6         -7.5      5.397      7.850

   7         -7.3      3.592      5.250

   8         -7.3      5.688      8.202

   9         -7.3      5.342      7.820

  10         -7.3      6.141      8.509

3lw0 , Compound29
     | (kcal/mol) | rmsd l.b.| rmsd u.b.

-----+------------+----------+----------

   1         -9.1      0.000      0.000

   2         -8.9      0.501      2.095

   3         -8.9      1.231      3.152

   4         -8.8      1.584      3.330

   5         -8.8      1.576      3.022

   6         -8.6      1.499      2.653

   7         -8.4      1.462      2.200

   8         -8.3      3.436      4.875

   9         -8.2      3.342      4.742

  10         -8.1      4.266      7.580

3lw0 , Compound2
     | (kcal/mol) | rmsd l.b.| rmsd u.b.

-----+------------+----------+----------

   1         -7.8      0.000      0.000

   2         -7.6      3.004      7.014

   3         -7.5      3.318      5.078

   4         -7.5      2.977      7.066

   5         -7.5      3.254      5.175

   6         -7.4      3.737      7.639

   7         -7.3      2.466      2.947

   8         -7.3      3.753      7.864

   9         -7.3      3.894      7.971

  10         -7.3      3.738      7.640

3lw0 , Compound3
     | (kcal/mol) | rmsd l.b.| rmsd u.b.

-----+------------+----------+----------

   1         -7.7      0.000      0.000

   2         -7.6      3.586      7.492

   3         -7.5      3.577      7.392

   4         -7.4      2.357      3.788

   5         -7.3      2.978      5.016

   6         -7.3      2.450      4.096

   7         -7.3      4.252      8.410

   8         -7.2      4.301      8.064

   9         -7.2      3.645      7.530

  10         -7.2      2.332      3.133

3lw0 , Compound4
     | (kcal/mol) | rmsd l.b.| rmsd u.b.

-----+------------+----------+----------

   1         -8.8      0.000      0.000

   2         -8.2      3.392      5.007

   3         -7.8      2.395      3.083

   4         -7.8      2.092      3.398

   5         -7.8      6.622      9.239

   6         -7.7      7.032      9.704

   7         -7.6      6.602      9.047

   8         -7.6      6.597      9.177

   9         -7.5      5.041      7.046

  10         -7.5     14.389     15.724

3lw0 , Compound5
     | (kcal/mol) | rmsd l.b.| rmsd u.b.

-----+------------+----------+----------

   1         -8.1      0.000      0.000

   2         -7.9      5.601      8.896

   3         -7.9      1.661      2.811

   4         -7.8      5.782      8.920

   5         -7.7      5.404      8.642

   6         -7.5      5.279      8.377

   7         -7.5      4.523      7.849

   8         -7.4      3.481      4.961

   9         -7.3      5.464      8.095

  10         -7.3      2.753      3.172

3lw0 , Compound6
     | (kcal/mol) | rmsd l.b.| rmsd u.b.

-----+------------+----------+----------

   1         -9.3      0.000      0.000

   2         -9.0      1.405      2.023

   3         -8.7      2.710      9.418

   4         -8.7      3.634      5.099

   5         -8.6      1.347      2.672

   6         -8.6      2.407      9.328

   7         -8.6      2.022      8.615

   8         -8.4      2.202      8.867

   9         -8.4      3.852      7.349

  10         -8.2      2.895      4.684

3lw0 , Compound8
     | (kcal/mol) | rmsd l.b.| rmsd u.b.

-----+------------+----------+----------

   1         -7.6      0.000      0.000

   2         -7.6      1.871      2.239

   3         -7.5      1.446      2.851

   4         -7.2      2.821      4.714

   5         -7.2      4.402      7.268

   6         -7.1      4.044      6.772

   7         -7.1      2.157      2.878

   8         -7.1      1.761      2.125

   9         -6.9      3.561      4.371

  10         -6.9      3.591      4.899

3lw0 , Compound9
     | (kcal/mol) | rmsd l.b.| rmsd u.b.

-----+------------+----------+----------

   1         -7.4      0.000      0.000

   2         -7.4      2.732      6.707

   3         -7.4      3.539      7.088

   4         -7.4      4.153      5.526

   5         -7.3      3.885      7.240

   6         -7.2      3.368      6.917

   7         -7.1      3.621      7.107

1ywn , Compound10
     | (kcal/mol) | rmsd l.b.| rmsd u.b.

-----+------------+----------+----------

   1         -7.0      0.000      0.000

   2         -7.0      1.348      2.665

   3         -7.0      1.651      2.690

   4         -7.0      2.391      3.149

   5         -6.9      1.741      2.608

   6         -6.9      2.441      3.288

   7         -6.6      4.515      6.240

   8         -6.6      2.799      3.283

   9         -6.5      4.324      5.614

  10         -6.2      3.792      4.948

1ywn , Compound11
     | (kcal/mol) | rmsd l.b.| rmsd u.b.

-----+------------+----------+----------

   1         -7.5      0.000      0.000

   2         -7.4      3.577      6.739

   3         -7.2      1.955      2.899

   4         -7.1      4.264      6.634

   5         -7.1      2.114      2.321

   6         -7.1      3.779      5.809

   7         -7.1      1.934      3.165

   8         -7.0      2.041      2.717

   9         -6.9      3.460      6.933

  10         -6.9      3.003      4.333

1ywn , Compound12
     | (kcal/mol) | rmsd l.b.| rmsd u.b.

-----+------------+----------+----------

   1         -7.5      0.000      0.000

   2         -7.4      3.607      7.040

   3         -7.2      3.411      5.612

   4         -7.2      3.747      5.666

   5         -7.1      1.952      3.168

   6         -6.9      1.702      2.745

   7         -6.8      4.287      7.382

   8         -6.8      3.768      5.675

   9         -6.7      3.069      4.183

  10         -6.7      3.481      4.824

1ywn , Compound14
     | (kcal/mol) | rmsd l.b.| rmsd u.b.

-----+------------+----------+----------

   1         -7.6      0.000      0.000

   2         -7.5      2.046      2.721

   3         -7.2      3.336      6.956

   4         -7.1      2.654      3.966

   5         -7.1      4.906      7.178

   6         -7.1      2.931      7.154

   7         -7.0      4.423      6.973

   8         -7.0     11.408     13.070

   9         -7.0      4.417      6.972

  10         -7.0      4.008      6.424

1ywn , Compound15
     | (kcal/mol) | rmsd l.b.| rmsd u.b.

-----+------------+----------+----------

   1         -7.6      0.000      0.000

   2         -7.6      3.262      6.678

   3         -7.5      0.370      2.020

   4         -7.3      2.833      3.892

   5         -7.3      2.068      3.403

   6         -7.2      3.517      5.642

   7         -7.2      2.312      2.868

   8         -7.2      0.418      2.023

   9         -7.2      2.501      3.811

  10         -7.1      4.915      6.468

1ywn , Compound17
     | (kcal/mol) | rmsd l.b.| rmsd u.b.

-----+------------+----------+----------

   1         -7.4      0.000      0.000

   2         -7.1      2.024      2.942

   3         -7.1      3.243      5.655

   4         -7.1      1.905      2.296

   5         -6.9      3.022      6.438

   6         -6.9      2.455      3.553

   7         -6.9      3.225      5.272

   8         -6.8     13.077     15.322

   9         -6.8      2.604      5.306

  10         -6.8      3.423      6.921

1ywn , Compound18
     | (kcal/mol) | rmsd l.b.| rmsd u.b.

-----+------------+----------+----------

   1         -7.1      0.000      0.000

   2         -7.1      3.286      5.599

   3         -7.0      2.489      3.607

   4         -6.9      1.669      2.582

   5         -6.9      2.525      6.944

   6         -6.8      1.845      2.954

   7         -6.8      3.284      5.067

   8         -6.7      3.807      5.607

   9         -6.7     13.103     15.313

  10         -6.7     11.054     13.069

1ywn , Compound1
     | (kcal/mol) | rmsd l.b.| rmsd u.b.

-----+------------+----------+----------

   1         -7.4      0.000      0.000

   2         -7.2      1.858      2.945

   3         -7.1      2.034      6.504

   4         -7.1      3.030      5.318

   5         -7.0      1.895      2.148

   6         -7.0      1.880      3.002

   7         -6.9      2.528      6.279

   8         -6.9      1.960      3.226

   9         -6.9      3.181      6.165

  10         -6.9      2.489      5.024

1ywn , Compound20
     | (kcal/mol) | rmsd l.b.| rmsd u.b.

-----+------------+----------+----------

   1         -7.6      0.000      0.000

   2         -7.3      3.516      6.907

   3         -7.3      3.852      5.068

   4         -7.2      4.297      6.583

   5         -7.2      3.518      5.586

   6         -7.2      3.851      5.958

   7         -7.0      2.007      2.924

   8         -6.9      1.880      3.085

   9         -6.9      4.325      6.991

  10         -6.8     13.093     15.241

1ywn , Compound22
     | (kcal/mol) | rmsd l.b.| rmsd u.b.

-----+------------+----------+----------

   1         -7.5      0.000      0.000

   2         -7.5      0.352      2.134

   3         -7.4      2.194      3.208

   4         -7.4      0.316      2.078

   5         -7.3      1.835      3.247

   6         -7.3      3.285      4.082

   7         -7.3      1.709      2.346

   8         -7.3      4.506      6.519

   9         -7.2      2.481      3.542

  10         -7.2      3.886      5.445

1ywn , Compound24
     | (kcal/mol) | rmsd l.b.| rmsd u.b.

-----+------------+----------+----------

   1         -7.7      0.000      0.000

   2         -7.7      0.415      2.080

   3         -7.4      3.883      5.941

   4         -7.4      2.112      3.141

   5         -7.4      1.860      2.264

   6         -7.3      4.406      6.683

   7         -7.2      3.290      7.144

   8         -7.1      3.945      5.916

   9         -7.0      4.028      5.544

  10         -7.0      2.396      3.408

1ywn , Compound28
     | (kcal/mol) | rmsd l.b.| rmsd u.b.

-----+------------+----------+----------

   1         -7.5      0.000      0.000

   2         -7.5      2.581      3.166

   3         -7.5      2.578      3.260

   4         -7.4      0.427      2.089

   5         -7.4      2.191      3.309

   6         -7.3      3.834      7.484

   7         -7.3      4.748      6.322

   8         -7.2      4.459      6.316

   9         -7.2      4.800      6.438

  10         -7.0      4.250      5.438

1ywn , Compound29
     | (kcal/mol) | rmsd l.b.| rmsd u.b.

-----+------------+----------+----------

   1         -8.0      0.000      0.000

   2         -7.9      0.362      2.013

   3         -7.9      4.324      6.265

   4         -7.9      0.492      2.878

   5         -7.9     12.828     15.971

   6         -7.9      0.408      2.082

   7         -7.9      4.273      6.440

   8         -7.8      0.366      2.055

   9         -7.8      0.465      2.919

  10         -7.8     10.489     12.504

1ywn , Compound2
     | (kcal/mol) | rmsd l.b.| rmsd u.b.

-----+------------+----------+----------

   1         -7.8      0.000      0.000

   2         -7.6      2.266      7.019

   3         -7.3      2.322      6.412

   4         -7.3      2.303      6.498

   5         -7.3      2.253      6.376

   6         -7.2      1.985      6.940

   7         -7.1      2.188      7.175

   8         -7.0      3.191      6.950

   9         -6.9      1.663      2.083

  10         -6.9      2.689      6.835

1ywn , Compound3
     | (kcal/mol) | rmsd l.b.| rmsd u.b.

-----+------------+----------+----------

   1         -7.4      0.000      0.000

   2         -7.3      2.189      3.237

   3         -7.2      0.875      2.420

   4         -7.1      2.179      3.389

   5         -7.1      1.869      3.174

   6         -7.0      1.612      1.846

   7         -6.9      1.863      2.680

   8         -6.8      4.183      5.970

   9         -6.7      3.263      4.302

  10         -6.7      3.055      6.327

1ywn , Compound4
     | (kcal/mol) | rmsd l.b.| rmsd u.b.

-----+------------+----------+----------

   1         -7.9      0.000      0.000

   2         -7.7      0.499      2.230

   3         -7.7      0.394      2.140

   4         -7.3      2.186      2.946

   5         -7.2      2.838      4.673

   6         -7.2      2.030      2.949

   7         -7.2      3.076      3.994

   8         -7.1      2.692      4.581

   9         -7.0      3.125      4.280

  10         -6.9      4.072      5.110

1ywn , Compound5
     | (kcal/mol) | rmsd l.b.| rmsd u.b.

-----+------------+----------+----------

   1         -7.6      0.000      0.000

   2         -7.4      1.970      3.349

   3         -7.3      0.696      2.106

   4         -7.2      4.951      6.416

   5         -7.1      3.018      6.469

   6         -7.0      2.996      5.430

   7         -7.0      2.625      4.761

   8         -6.9      1.886      2.421

   9         -6.8     17.758     19.740

  10         -6.7      3.640      5.536

1ywn , Compound6
     | (kcal/mol) | rmsd l.b.| rmsd u.b.

-----+------------+----------+----------

   1         -8.6      0.000      0.000

   2         -8.3      3.692      7.443

   3         -8.2      3.009      8.333

   4         -8.2      0.481      2.087

   5         -8.1      1.125      2.406

   6         -8.0      3.989      8.158

   7         -8.0      2.055      3.476

   8         -7.8      2.926      8.209

   9         -7.7      6.145      9.032

  10         -7.5      2.013      3.257

1ywn , Compound8
     | (kcal/mol) | rmsd l.b.| rmsd u.b.

-----+------------+----------+----------

   1         -7.5      0.000      0.000

   2         -7.4      3.226      6.982

   3         -7.3      2.179      3.142

   4         -7.3      2.143      2.448

   5         -7.3      1.861      2.765

   6         -7.3      2.155      3.258

   7         -7.3      3.889      5.752

   8         -7.0      3.671      5.569

   9         -6.8      2.361      3.473

  10         -6.8      2.620      6.756

1ywn , Compound9
     | (kcal/mol) | rmsd l.b.| rmsd u.b.

-----+------------+----------+----------

   1         -7.4      0.000      0.000

   2         -7.3      1.735      2.733

   3         -7.3      1.841      3.082

   4         -7.2      2.191      2.407

   5         -7.0      2.807      6.842

   6         -6.9      4.676      6.989

   7         -6.8      3.307      6.631

